84.385224
87.973051
89.503587
90.111504
90.196993
90.823178
90.960148
91.145070
91.301524
91.398335
91.525087
91.656445
91.932044
92.110335
92.310237
92.572112
92.804362
93.210827
93.277461
93.404973
93.487568
93.727732
93.889871
93.961771
94.065876
94.124487
94.154529
94.272515
94.345032
94.456580
94.518194
94.577883
94.728480
94.868610
94.983046
95.158672
95.231668
95.316671
95.477927
95.530694
95.680816
95.889716
96.013714
96.207549
96.230178
96.471735
96.639755
96.713009
96.862886
96.999318
97.140894
97.179408
97.235506
97.318282
97.513131
97.592039
97.806392
97.872947
98.122015
98.288403
98.497722
98.642653
98.709493
98.810275
98.871120
98.993812
99.215103
99.547189
99.756089
99.874444
100.013743
100.111899
100.275462
100.441511
100.530696
100.733077
100.832571
100.962411
101.081794
101.580269
102.305555
102.605773
102.961228
103.211177
103.561074
104.298737
104.864798
105.110496
105.367767
105.637682
105.755533
106.127078
106.807150
107.070673
108.667512
110.754744
111.822707
112.520415
113.483325
118.064477
119.156689
