-122.034695
-76.594846
-70.008339
-65.483706
-60.774022
-58.122477
-55.924218
-54.813304
-53.564468
-52.731551
-51.472326
-50.410488
-49.495588
-48.688671
-47.831472
-47.139448
-46.154335
-45.301275
-44.851194
-44.238964
-43.724223
-43.309865
-42.951158
-42.612878
-41.954879
-41.359629
-40.876183
-40.465135
-39.996305
-39.362210
-38.765604
-38.237252
-37.646325
-37.181799
-36.645745
-36.155196
-35.601231
-34.983573
-34.535788
-33.913326
-33.386423
-32.967581
-32.425375
-31.871426
-31.445693
-30.951340
-30.470630
-29.904811
-29.487769
-29.056196
-28.468688
-28.071732
-27.642309
-27.286465
-26.901536
-26.491140
-25.840359
-25.245112
-24.555452
-24.131572
-23.585387
-22.898246
-22.258604
-21.762637
-21.147026
-20.526767
-19.977222
-19.274177
-18.935089
-18.329739
-17.633163
-16.909938
-16.348204
-15.837531
-15.111880
-14.151447
-13.349246
-12.784821
-11.909437
-11.319697
-10.570844
-9.993121
-9.116222
-8.418375
-7.523810
-6.393220
-5.086524
-4.109891
-2.790864
-1.897409
-1.135201
0.519032
1.909952
3.355106
4.988895
7.243514
9.090093
12.257928
17.194464
23.294326
28.363813
