88.787381
89.056130
89.500110
89.981810
90.309610
90.686702
91.195403
91.525921
91.736766
91.857331
91.923239
92.049762
92.166881
92.231322
92.350190
92.388695
92.603910
92.714405
92.999784
93.144777
93.301492
93.363232
93.801507
93.992046
94.082721
94.145905
94.300299
94.474477
94.620432
94.828463
95.143863
95.320605
95.582832
95.931159
96.405840
96.668027
96.970075
97.054472
97.178658
97.738389
97.922624
98.071153
98.148802
98.270123
98.445939
98.638633
98.675062
98.869715
99.058627
99.355820
99.567088
99.614242
99.974750
100.104431
100.414906
100.550232
100.741357
100.879565
101.117716
102.038737
102.200621
102.533062
102.933307
103.361882
103.442147
103.687837
104.127867
104.474969
104.601394
105.031978
105.129944
105.324168
105.548972
105.811555
105.970452
106.038833
106.386144
106.528524
106.939460
107.182108
107.599605
107.968868
108.457650
108.631320
109.346261
109.892111
110.361397
110.980063
111.772214
112.124819
113.222783
113.620634
114.053334
114.901558
115.370840
115.823657
116.909247
118.307711
119.259577
126.770186
131.602362
