-70.769887
-35.888405
-24.741069
-18.325782
-15.026043
-12.893201
-12.159446
-10.718035
-9.812294
-8.367673
-7.660876
-7.327157
-7.008861
-6.511842
-5.903632
-5.752959
-4.860873
-4.453650
-3.872520
-3.619816
-2.966812
-2.423404
-2.107599
-1.758967
-1.473153
-1.132852
-1.026396
-0.593085
-0.337704
-0.111305
0.000000
0.000000
0.000000
0.000000
0.000000
0.000000
0.000000
0.000000
0.000000
0.000000
0.000000
0.000000
0.000000
0.000000
0.000000
0.000000
0.000000
0.000000
0.000000
0.000000
0.000000
0.000000
0.000000
0.000000
0.000000
0.000000
0.000000
0.000000
0.000000
0.000000
0.000000
0.000000
0.000000
0.000000
0.000000
0.000000
0.000000
0.000000
0.000000
0.000000
0.000000
0.000000
0.000000
0.000000
0.000000
0.000000
0.000000
0.000000
0.000000
0.000000
0.234164
0.644626
0.842536
1.795599
2.418787
3.210009
3.537260
3.886458
4.799908
5.251334
6.419245
7.703085
8.684453
9.972241
11.364880
16.206077
20.315048
21.645991
23.247478
23.960851
24.072100
24.072100
24.072100
24.072100
24.072100
24.072100
24.072100
24.072100
24.072100
24.072100
24.072100
24.072100
24.072100
24.072100
24.072100
24.072100
24.072100
24.072100
24.072100
24.072100
24.072100
24.072100
24.072100
24.072100
24.072100
24.072100
24.072100
24.072100
24.072100
24.072100
24.072100
24.072100
24.072100
24.072100
24.072100
24.072100
24.072100
24.072100
24.072100
24.072100
24.072100
24.072100
24.072100
24.072100
24.072100
24.072100
24.072100
24.072100
24.072100
24.072100
24.072100
24.072100
24.072100
24.072100
24.072100
24.072100
24.072100
24.072100
24.072100
24.072100
24.072100
24.072100
24.072100
24.072100
24.072100
24.072100
24.072100
24.072100
24.072100
24.072100
24.072100
24.072100
24.072100
24.072100
24.072100
24.072100
24.072100
24.072100
24.072100
24.072100
24.072100
24.072100
24.072100
24.072100
24.072100
24.072100
24.072100
24.072100
24.072100
24.072100
24.072100
24.072100
24.072100
24.072100
24.072100
24.072100
24.072100
24.072100
24.072100
24.072100
24.072100
24.072100
24.072100
24.072100
24.072100
24.072100
24.072100
24.072100
24.072100
24.072100
24.072100
24.072100
24.072100
24.072100
