-114.429502
-77.054553
-70.908396
-65.344876
-62.434221
-60.297622
-58.592898
-56.872382
-55.432312
-54.327209
-52.935370
-52.025388
-51.185770
-50.060437
-49.071993
-48.183549
-47.423786
-46.597940
-45.958858
-45.183642
-44.568620
-43.834170
-43.220377
-42.587963
-41.953044
-41.401943
-40.869952
-40.383415
-39.854958
-39.350134
-38.876438
-38.476987
-38.063418
-37.668243
-37.125160
-36.472137
-35.871370
-35.330784
-34.876954
-34.479612
-33.940002
-33.360798
-32.805526
-32.238971
-31.902445
-31.455398
-30.971390
-30.347869
-29.850870
-29.160482
-28.689909
-28.115033
-27.725807
-27.303531
-26.725760
-26.185135
-25.723447
-25.136510
-24.489594
-23.996587
-23.385134
-22.794587
-22.146000
-21.590723
-20.919882
-20.199449
-19.392871
-18.658120
-17.877454
-17.286743
-16.510017
-15.732510
-14.964101
-14.275304
-13.636434
-12.897001
-12.345860
-11.638331
-10.717079
-9.821588
-9.162120
-8.240315
-7.482128
-6.728983
-5.973058
-5.123245
-4.150026
-3.312520
-2.569048
-1.674530
-0.601480
0.559317
1.754214
3.154706
4.502938
5.991476
7.768388
9.755110
13.433601
17.493485
27.983669
