-15.979400
-8.211475
-5.920611
-4.202349
-2.473685
-0.534039
0.210874
0.648487
1.164370
2.372331
2.945607
3.105372
3.403796
3.872774
3.997852
4.270314
4.426093
4.766804
5.423156
5.599776
6.074162
6.128450
6.326971
6.586804
6.890813
6.952036
7.307165
7.378825
7.848950
8.085541
8.285124
8.506373
8.641360
8.918943
8.990220
9.049488
9.117570
9.168576
9.266465
9.326523
9.415187
9.484696
9.637407
9.862433
10.005649
10.127573
10.301987
10.332751
10.431796
10.548773
10.665118
10.751764
10.771692
10.809132
10.936904
10.982030
11.110357
11.225051
11.359597
11.441369
11.473285
11.537412
11.749054
11.843004
11.894905
12.034444
12.131709
12.218291
12.387965
12.508034
12.550027
12.628613
12.650947
12.672040
12.679931
12.763684
12.801276
12.822698
12.858478
12.966155
13.038276
13.061777
13.127970
13.188329
13.223319
13.304332
13.350165
13.365773
13.456506
13.503020
13.528131
13.575147
13.588530
13.601749
13.638323
13.709552
13.743068
13.847282
13.921308
13.937552
13.998659
