70.286526
80.141940
84.498459
87.178249
88.653934
89.444050
90.232255
91.176204
91.775926
92.235045
92.566497
93.299267
93.706934
93.927199
94.381307
94.822915
95.093629
95.492806
95.824092
96.426960
96.673208
96.826529
97.074720
97.530881
97.849397
98.136550
98.598013
98.916405
99.056748
99.389682
99.732403
100.061940
100.365041
100.507436
100.714142
100.987653
101.236490
101.572146
102.022966
102.255636
102.451494
102.671906
102.887450
103.163927
103.368141
103.560091
103.783900
104.084517
104.312442
104.576838
104.959590
105.184224
105.317702
105.490626
105.869360
106.105956
106.454474
106.635271
106.933231
107.422789
107.740683
108.014429
108.378239
108.731197
109.118242
109.410062
109.762083
110.127289
110.521217
110.899373
111.268434
111.509421
111.833049
112.205580
112.748778
113.257309
113.713359
114.249653
114.552531
114.947023
115.381058
115.940149
116.582375
117.135378
117.630336
118.198584
118.641940
119.196386
119.878837
120.911014
121.512657
121.999875
122.438403
122.914884
124.069550
125.065435
125.999242
129.025569
132.007679
135.869744
150.577079
该文档记录统计到的宏观路损（传输损耗+穿透损耗）
