74.512680
81.513925
85.679344
87.276272
88.686979
89.459199
90.646160
91.212369
91.727594
92.354950
93.002326
93.615608
94.244141
94.617936
95.012562
95.356205
95.955562
96.300277
96.581314
97.010122
97.277377
97.679724
97.841758
98.166648
98.403322
98.805488
98.951540
99.239796
99.540965
99.918370
100.168546
100.452055
100.674673
100.878500
101.135394
101.481154
101.738925
102.305073
102.478641
102.697307
102.966055
103.252200
103.528279
103.972345
104.150644
104.420818
104.620175
105.082850
105.499045
105.815730
106.092569
106.278672
106.651712
107.067447
107.235969
107.694804
107.902303
108.043463
108.247669
108.630483
109.207819
109.378348
109.701131
109.911981
110.154724
110.321428
110.637541
111.051008
111.438956
111.732697
111.954845
112.308132
112.744499
113.139013
113.612371
113.917290
114.378299
114.851352
115.363262
115.616865
116.341629
116.750712
117.292721
117.783860
118.090243
118.421017
118.900453
119.449636
119.999440
120.706551
121.205640
121.869582
122.264033
122.593318
123.803509
125.332900
126.349671
128.095129
130.366015
134.536203
147.643963
该文档记录统计到的路损+BS端天线单元增益
