50.440580
57.441825
61.607244
63.204172
64.614879
65.387099
66.574060
67.140269
67.655494
68.282850
68.930226
69.543508
70.172042
70.545836
70.940462
71.284106
71.883462
72.228178
72.509214
72.938022
73.205277
73.607624
73.769658
74.094548
74.331222
74.733388
74.879441
75.167697
75.468866
75.846270
76.096447
76.379956
76.602573
76.806400
77.063294
77.409054
77.666826
78.232973
78.406541
78.625208
78.893956
79.180100
79.456179
79.900245
80.078544
80.348718
80.548075
81.010750
81.426946
81.743630
82.020469
82.206573
82.579613
82.995347
83.163870
83.622704
83.830203
83.971363
84.175569
84.558384
85.135719
85.306249
85.629031
85.839881
86.082624
86.249328
86.565441
86.978908
87.366856
87.660598
87.882745
88.236033
88.672399
89.066913
89.540271
89.845190
90.306200
90.779252
91.291163
91.544766
92.269529
92.678612
93.220621
93.711761
94.018143
94.348917
94.828353
95.377536
95.927341
96.634451
97.133540
97.797483
98.191933
98.521218
99.731410
101.260801
102.277571
104.023030
106.293916
110.464103
123.571863
该文档记录统计到的路损+BS端天线阵列增益
