68.492080
75.493325
79.658744
81.255672
82.666379
83.438599
84.625560
85.191769
85.706994
86.334350
86.981726
87.595008
88.223542
88.597336
88.991962
89.335606
89.934962
90.279677
90.560714
90.989522
91.256777
91.659124
91.821158
92.146048
92.382722
92.784888
92.930940
93.219196
93.520365
93.897770
94.147946
94.431456
94.654073
94.857900
95.114794
95.460554
95.718326
96.284473
96.458041
96.676707
96.945455
97.231600
97.507679
97.951745
98.130044
98.400218
98.599575
99.062250
99.478446
99.795130
100.071969
100.258072
100.631112
101.046847
101.215370
101.674204
101.881703
102.022863
102.227069
102.609884
103.187219
103.357748
103.680531
103.891381
104.134124
104.300828
104.616941
105.030408
105.418356
105.712097
105.934245
106.287532
106.723899
107.118413
107.591771
107.896690
108.357699
108.830752
109.342663
109.596265
110.321029
110.730112
111.272121
111.763261
112.069643
112.400417
112.879853
113.429036
113.978840
114.685951
115.185040
115.848982
116.243433
116.572718
117.782910
119.312301
120.329071
122.074529
124.345415
128.515603
141.623363
该文档记录统计到的路损+UE端天线单元增益
