44.419980
51.421225
55.586644
57.183572
58.594280
59.366499
60.553460
61.119669
61.634894
62.262250
62.909626
63.522909
64.151442
64.525236
64.919862
65.263506
65.862862
66.207578
66.488614
66.917422
67.184677
67.587024
67.749059
68.073948
68.310622
68.712788
68.858841
69.147097
69.448266
69.825671
70.075847
70.359356
70.581973
70.785800
71.042694
71.388454
71.646226
72.212373
72.385941
72.604608
72.873356
73.159500
73.435579
73.879645
74.057945
74.328118
74.527475
74.990150
75.406346
75.723030
75.999869
76.185973
76.559013
76.974747
77.143270
77.602104
77.809603
77.950763
78.154969
78.537784
79.115119
79.285649
79.608431
79.819281
80.062025
80.228728
80.544841
80.958308
81.346256
81.639998
81.862145
82.215433
82.651799
83.046313
83.519671
83.824590
84.285600
84.758652
85.270563
85.524166
86.248929
86.658012
87.200021
87.691161
87.997544
88.328317
88.807753
89.356936
89.906741
90.613851
91.112940
91.776883
92.171333
92.500618
93.710810
95.240201
96.256972
98.002430
100.273316
104.443503
117.551263
该文档记录统计到的路损+UE端天线阵列增益
