-4.427900
4.754677
6.986653
7.894777
9.296369
10.748232
11.575894
12.155350
13.292628
13.975684
14.930332
15.359009
15.822627
16.302062
17.085553
17.456138
17.891346
18.186869
18.454741
18.779583
18.971032
19.423206
19.692760
19.814390
20.036458
20.224782
20.394795
20.510893
20.618618
20.825904
20.907027
21.005585
21.152190
21.260619
21.440785
21.571493
21.672391
21.788356
21.922457
22.029975
22.191705
22.340890
22.410990
22.575789
22.648637
22.743926
22.900375
23.006469
23.082678
23.198453
23.276240
23.362476
23.460963
23.534387
23.599811
23.722387
23.798902
23.865406
23.919248
24.004695
24.068705
24.121698
24.226639
24.267812
24.299533
24.362835
24.416571
24.468195
24.494372
24.578748
24.641144
24.695978
24.753920
24.777334
24.812417
24.850346
24.878454
24.933870
24.958916
25.008027
25.050023
25.086540
25.103344
25.126814
25.146467
25.168871
25.194391
25.223927
25.249010
25.282394
25.307423
25.335403
25.372084
25.402960
25.438229
25.457253
25.476141
25.490471
25.523731
25.540323
25.567375
该文档记录统计BS端的单元增益
