-10.407300
-1.224723
1.007253
1.915377
3.316969
4.768832
5.596494
6.175950
7.313228
7.996284
8.950932
9.379609
9.843227
10.322662
11.106153
11.476738
11.911946
12.207469
12.475341
12.800183
12.991632
13.443806
13.713360
13.834990
14.057058
14.245382
14.415395
14.531493
14.639218
14.846504
14.927627
15.026185
15.172790
15.281219
15.461385
15.592093
15.692990
15.808956
15.943057
16.050575
16.212305
16.361490
16.431590
16.596389
16.669237
16.764526
16.920975
17.027069
17.103278
17.219053
17.296840
17.383076
17.481563
17.554987
17.620411
17.742987
17.819502
17.886005
17.939848
18.025295
18.089305
18.142298
18.247238
18.288412
18.320133
18.383435
18.437171
18.488795
18.514972
18.599348
18.661744
18.716578
18.774520
18.797933
18.833017
18.870946
18.899054
18.954470
18.979516
19.028627
19.070622
19.107140
19.123944
19.147414
19.167067
19.189471
19.214991
19.244527
19.269610
19.302994
19.328022
19.356003
19.392684
19.423560
19.458829
19.477853
19.496741
19.511071
19.544331
19.560923
19.587975
该文档记录统计UE端的单元增益
