-Inf
175.578932
189.294436
198.543090
203.262792
208.216703
215.415394
219.332665
223.381150
227.082180
229.829479
232.253570
234.720011
236.494533
238.323303
239.970624
241.468471
242.920731
244.181119
245.350909
246.465935
247.403883
248.318700
249.150481
250.005371
250.938105
251.819259
252.539856
253.270912
254.133496
254.965457
255.679768
256.294312
256.968399
257.598850
258.280904
258.872477
259.495138
260.124209
260.680134
261.204279
261.868643
262.450678
263.017193
263.555564
264.065336
264.619366
265.124916
265.510113
265.978409
266.423880
266.874184
267.328531
267.833245
268.208617
268.623566
269.014302
269.448672
269.869217
270.264529
270.693929
271.025612
271.460108
271.874683
272.270600
272.632612
273.071846
273.460642
273.889162
274.301868
274.755503
275.151808
275.550264
275.930075
276.299380
276.679240
277.048638
277.447149
277.802605
278.196300
278.578933
279.024407
279.422876
279.855388
280.238931
280.667186
281.118340
281.560399
282.044067
282.560386
283.031113
283.574751
284.085361
284.603914
285.201433
285.894556
286.648369
287.661665
288.779406
290.232490
296.161773
该文档记录统计到的UE到UE路损
