-275.268081
-214.612122
-205.952751
-201.342085
-197.469227
-194.590677
-191.532194
-189.126879
-187.042463
-185.143755
-183.418426
-181.948058
-180.532316
-179.184922
-177.848266
-176.557269
-175.460520
-174.335421
-173.202536
-172.295949
-171.435852
-170.515988
-169.525859
-168.643592
-167.942636
-167.168821
-166.378869
-165.607771
-164.822540
-164.136995
-163.462729
-162.915522
-162.293556
-161.587140
-160.958013
-160.376037
-159.735839
-159.161375
-158.491208
-157.864669
-157.309453
-156.684232
-156.135016
-155.559089
-154.987825
-154.383720
-153.762259
-153.199484
-152.693039
-152.098765
-151.570675
-150.997712
-150.424862
-149.879012
-149.385201
-148.837323
-148.273157
-147.644517
-147.060768
-146.546484
-145.973451
-145.408213
-144.747070
-144.173977
-143.591721
-143.027788
-142.452378
-141.882013
-141.259471
-140.685804
-140.034565
-139.409063
-138.756708
-138.047905
-137.414107
-136.784111
-135.987023
-135.234146
-134.439135
-133.538797
-132.749632
-131.936999
-130.968102
-130.048535
-128.987499
-127.898621
-127.012361
-125.882651
-124.742238
-123.679944
-122.345707
-120.954978
-119.511190
-117.801594
-115.838721
-113.821993
-111.441578
-108.787096
-105.290929
-100.787881
-74.625071
