-38.769263
-8.906106
-5.475515
-3.527703
-2.056901
-1.013571
-0.179002
0.519531
1.142729
1.752816
2.278207
2.789984
3.235513
3.583814
4.040011
4.335603
4.690762
5.039887
5.337828
5.585207
5.831110
5.992248
6.247662
6.481685
6.758436
7.019066
7.220556
7.433952
7.638999
7.799011
7.944122
8.051408
8.165443
8.373174
8.526457
8.727771
8.871462
9.057830
9.199494
9.366976
9.503140
9.635854
9.770802
9.915344
10.058045
10.154442
10.270510
10.372309
10.531868
10.692981
10.833784
10.968430
11.101833
11.222215
11.328268
11.418040
11.523370
11.615718
11.723925
11.829449
11.920687
12.011526
12.128661
12.213024
12.304554
12.380121
12.481588
12.550682
12.643988
12.720981
12.794749
12.857826
12.923042
13.007695
13.093767
13.176985
13.256802
13.345078
13.433852
13.511686
13.599808
13.689763
13.754370
13.804378
13.815140
13.923310
14.041650
14.192731
14.312899
14.473019
14.654473
14.788115
14.938313
15.120867
15.300461
15.497719
15.743944
16.049540
16.449653
16.932823
19.457586
