-29.711451
-6.680230
-3.626410
-1.960303
-0.804326
0.169191
0.933845
1.544982
2.045520
2.586615
2.955923
3.343416
3.750053
4.082107
4.330357
4.606822
4.844090
5.073231
5.298593
5.484404
5.652528
5.808521
5.953612
6.094322
6.229633
6.354836
6.472818
6.575909
6.684574
6.783246
6.879225
6.968341
7.050684
7.127717
7.198059
7.263414
7.323989
7.382686
7.435795
7.484814
7.532439
7.571612
7.608263
7.649419
7.687602
7.722412
7.750130
7.772304
7.788816
7.795964
7.796398
7.796398
7.894645
8.146861
8.421467
8.700799
8.932633
9.166828
9.453635
9.679262
9.920137
10.149300
10.366914
10.565685
10.793812
10.973461
11.152361
11.311035
11.479531
11.641900
11.789627
11.911188
12.025627
12.140216
12.264862
12.395666
12.528906
12.636268
12.725585
12.834794
12.965597
13.091657
13.233690
13.373812
13.522593
13.669505
13.830725
13.962775
14.121113
14.298548
14.450496
14.597332
14.779805
14.978249
15.206287
15.388212
15.632478
15.975633
16.315392
16.871072
20.027856
