-282.018936
-218.714695
-209.204868
-203.429812
-199.472532
-196.411745
-193.510245
-191.011607
-189.071067
-186.912590
-185.074372
-183.374064
-181.764107
-180.225879
-178.905902
-177.725259
-176.589115
-175.529853
-174.522951
-173.389145
-172.460650
-171.430573
-170.522492
-169.689607
-168.835042
-168.057540
-167.324305
-166.598905
-165.983501
-165.301326
-164.632177
-163.908449
-163.147703
-162.471470
-161.824467
-161.288401
-160.663662
-160.102473
-159.464417
-158.919373
-158.369253
-157.812867
-157.244541
-156.678711
-156.117139
-155.557230
-155.048279
-154.460839
-153.807255
-153.184647
-152.656884
-152.082998
-151.555544
-151.017788
-150.458840
-149.875948
-149.398247
-148.863309
-148.283240
-147.751629
-147.159581
-146.539919
-145.911132
-145.311386
-144.659293
-144.110162
-143.531461
-142.925156
-142.307022
-141.685643
-141.068259
-140.322046
-139.554846
-138.847666
-138.203181
-137.441964
-136.774818
-135.896325
-135.114091
-134.263563
-133.469807
-132.640764
-131.753644
-130.839754
-129.934546
-128.927852
-127.800454
-126.665575
-125.352689
-124.213654
-123.005694
-121.283408
-119.877704
-118.120405
-116.063046
-113.553218
-111.150426
-107.887657
-103.577031
-97.744117
-62.798098
