-131.771818
-123.306611
-120.235184
-118.164467
-116.919392
-113.213337
-110.832192
-109.572828
-103.138018
-101.794746
-99.066599
-98.617365
-97.277532
-95.887466
-94.806201
-91.962897
-89.869929
-89.020228
-87.660304
-86.833104
-85.423000
-83.158338
-82.549954
-81.962589
-81.294066
-80.964009
-79.837407
-79.522353
-79.180160
-78.812939
-78.363854
-78.336477
-78.070720
-77.893875
-77.510075
-77.094804
-76.682403
-76.486826
-76.183235
-75.792437
-75.425711
-75.334784
-75.161047
-74.826111
-74.746208
-74.462293
-74.378384
-74.041876
-73.891254
-73.808717
-73.671166
-73.646059
-73.398189
-73.289600
-73.043633
-72.912445
-72.813609
-72.726848
-72.593543
-72.568099
-72.385327
-72.336376
-72.151830
-71.858198
-71.505668
-71.408443
-71.251722
-71.120528
-70.993329
-70.748872
-70.191214
-70.026670
-69.957271
-69.760563
-69.485876
-69.049885
-68.711590
-68.567213
-68.323599
-68.158168
-67.644489
-67.313488
-66.872531
-66.780697
-66.685469
-66.540455
-66.271218
-65.962594
-65.597819
-65.262928
-64.747587
-64.623574
-64.267594
-63.969972
-63.535764
-63.365173
-63.133836
-61.772465
-60.617164
-59.563072
-52.966769
