-10.105268
0.837653
3.703818
5.408881
6.199817
7.715861
8.076639
8.381508
9.112180
9.583647
9.705031
10.110955
10.226626
10.400493
10.773947
11.271714
11.447834
11.684111
11.965996
12.176052
12.328569
12.554850
12.717009
12.975120
13.090936
13.382054
13.554013
13.620927
13.700855
13.818981
13.940853
14.013405
14.088041
14.123732
14.163226
14.194529
14.229196
14.260118
14.282771
14.337982
14.361303
14.432426
14.486888
14.504436
14.535690
14.617243
14.646217
14.682335
14.720961
14.723715
14.753096
14.779755
14.797738
14.851710
14.875174
14.924337
14.972896
14.977806
14.984568
15.003278
15.014158
15.022081
15.047818
15.075745
15.077976
15.098372
15.117690
15.139025
15.150370
15.156196
15.164247
15.169096
15.188109
15.213180
15.226737
15.236448
15.247342
15.251419
15.265379
15.274247
15.286751
15.291538
15.300703
15.307873
15.312681
15.318723
15.330891
15.338200
15.347407
15.356050
15.358257
15.359616
15.365821
15.373445
15.377037
15.382384
15.386828
15.387827
15.388328
15.388760
15.389205
