-Inf
-12.669641
-8.846437
-5.467855
-3.236101
0.320915
1.391789
2.385578
3.754061
4.887412
6.529244
7.245211
7.624000
8.640179
9.343386
10.439885
10.708576
11.751208
12.592749
13.282654
14.305955
14.781337
14.994610
15.445829
16.163270
16.471493
16.917810
17.255340
17.827145
18.210128
18.442550
18.676695
18.819793
19.268021
19.527341
20.101782
20.279361
20.847412
21.219776
21.429064
21.615174
21.867330
22.170576
22.252721
22.543295
22.876715
23.140181
23.612629
23.900182
24.252470
24.468632
24.857362
25.167826
25.391752
25.778568
26.078049
26.599144
26.910094
27.139366
27.420847
27.755821
28.040505
28.294867
28.450383
28.763097
29.235122
29.358208
29.622074
29.920921
30.083128
30.645413
30.775859
31.054216
31.502043
32.116611
32.400135
32.789405
33.163462
33.863354
34.118137
34.445942
34.855659
35.189357
35.615795
36.139088
36.485552
36.781990
37.306897
37.990645
38.276151
39.087833
39.850068
40.981557
41.440678
41.912759
42.838099
43.885154
45.520502
47.830633
49.133159
51.852761
