-13.890211
-13.321438
-12.840090
-12.211369
-11.537178
-10.918417
-10.375308
-10.061527
-9.762764
-9.398906
-9.036706
-8.683041
-8.231022
-7.460384
-7.155665
-6.963821
-6.770750
-6.497480
-6.264196
-6.032586
-5.733503
-5.476855
-4.662093
-4.395761
-4.254563
-4.134071
-3.764212
-3.427603
-3.119582
-2.890884
-2.700948
-2.527580
-2.372846
-2.285284
-2.075804
-1.751788
-1.507986
-1.285488
-1.028663
-0.917621
-0.840625
-0.772751
-0.691282
-0.469934
-0.284485
-0.209286
-0.035132
0.104721
0.203107
0.269823
0.330852
0.391417
0.451519
0.506113
0.540655
0.563181
0.683415
0.840237
1.032711
1.210662
1.356740
1.482388
1.576105
1.646617
1.722866
1.820585
1.909755
2.012197
2.123949
2.157391
2.202388
2.250705
2.365120
2.462466
2.557180
2.637485
2.645442
2.885614
3.081043
3.265580
4.498488
4.592943
4.767449
5.492900
5.729427
5.814788
5.901508
6.085812
6.289830
6.402393
6.505000
6.872975
6.893385
7.141247
7.408632
8.904111
9.473120
12.154792
12.420965
12.696784
14.695509
