-2.160095
3.702489
4.862719
5.464683
6.763424
8.655593
9.768418
10.300087
10.651715
11.061145
11.327205
11.856085
11.963427
12.384510
12.729208
13.284717
13.625356
14.202092
14.681330
14.874806
15.431686
15.759191
16.303047
16.557723
17.246779
17.302308
17.882457
18.050364
18.405242
18.671207
19.039819
19.438445
19.742542
20.012809
20.110851
20.460297
20.924640
21.053369
21.237538
21.513032
21.750760
22.194871
22.488307
22.564814
22.726736
22.880972
23.125559
23.604072
24.200414
24.537858
24.634363
24.852617
24.956440
25.106840
25.455207
25.614955
25.768613
25.948712
26.159463
26.456018
26.849135
27.523768
27.614149
27.787452
28.018372
28.137215
28.491552
28.856291
28.973071
29.278337
29.430908
29.905125
30.170028
30.547026
30.593318
30.754131
30.982630
31.291243
31.482579
31.786169
31.879887
32.059517
32.295611
32.492173
32.761863
33.196399
33.449262
33.857925
34.230703
34.591131
34.844062
36.791706
37.173334
37.401674
38.558932
38.838907
40.375425
41.346835
42.346750
43.811000
48.766954
