-13.737504
-2.374086
3.133098
4.253949
5.351605
6.026402
7.324298
7.853209
8.531941
9.571504
9.895921
10.487236
11.113865
11.424939
11.676694
12.017415
12.343905
12.760723
13.016790
13.293823
13.597153
13.847375
14.045316
14.143856
14.269253
14.417686
14.519325
14.702041
14.824466
14.966578
15.054161
15.129812
15.183683
15.237751
15.339458
15.405987
15.447915
15.489467
15.518407
15.572467
15.601141
15.641657
15.665529
15.687015
15.712836
15.731938
15.749248
15.778119
15.787996
15.803357
15.818934
15.825610
15.833731
15.844705
15.852455
15.865202
15.868899
15.877895
15.885333
15.892544
15.899818
15.904435
15.911137
15.916301
15.920534
15.924878
15.929073
15.932864
15.935734
15.940268
15.943913
15.947406
15.949907
15.951867
15.955204
15.957961
15.962213
15.964328
15.966690
15.968716
15.972126
15.974256
15.975131
15.976291
15.977652
15.979880
15.981247
15.982486
15.983075
15.983848
15.984553
15.985737
15.986443
15.986837
15.987400
15.987928
15.988586
15.989150
15.989481
15.989611
15.989683
