-28.921565
-18.388026
-16.593257
-12.863472
-7.192556
-5.818520
-4.854489
-1.758246
0.692584
2.281753
3.567690
5.787503
6.752450
7.559238
8.093121
8.812509
9.290205
9.733587
10.498180
10.719564
11.245298
11.571238
12.071903
12.394754
12.672195
12.983422
13.159504
13.372781
13.592361
13.719356
13.815115
13.943374
14.095294
14.197680
14.294808
14.398069
14.432931
14.494675
14.542414
14.591855
14.654366
14.718492
14.754632
14.773455
14.818568
14.901563
14.917889
14.956848
14.979366
14.996094
15.012401
15.035696
15.051997
15.081523
15.093157
15.101595
15.112070
15.127439
15.140573
15.159902
15.171843
15.189353
15.206748
15.217695
15.227063
15.242872
15.254470
15.260428
15.272153
15.284792
15.288884
15.299661
15.302743
15.307482
15.311514
15.317204
15.319466
15.322328
15.328843
15.335278
15.341725
15.347554
15.350042
15.353075
15.355174
15.363084
15.366046
15.369132
15.372525
15.373560
15.377252
15.378388
15.379833
15.381074
15.382846
15.385391
15.386670
15.387903
15.388523
15.389267
15.389686
