-15.398476
-14.088364
-11.401901
-10.493679
-10.000680
-9.598576
-8.685048
-8.011253
-7.176910
-6.994647
-6.745906
-6.494196
-6.131512
-5.425337
-5.178170
-4.339413
-3.795978
-3.767759
-3.718913
-3.413779
-2.890011
-2.803805
-2.322517
-2.211943
-2.155329
-1.808528
-1.434616
-1.396283
-1.198755
-0.951316
-0.656316
-0.510085
-0.265723
-0.093257
-0.054387
0.056765
0.334033
0.706193
0.943651
1.235623
1.879717
1.937290
2.071937
2.211730
2.304696
2.588913
2.632674
2.746726
3.018598
3.207644
3.769717
4.124988
4.303177
4.512388
4.689758
4.930765
5.068369
5.266451
5.864866
6.263540
6.491567
6.512894
6.684223
6.972067
7.229528
7.686526
8.248961
8.558314
8.723429
8.962772
9.472836
10.020854
10.248677
10.754145
10.908006
11.386682
12.101030
12.244435
13.036494
13.303615
13.643246
13.831442
14.307579
14.425156
14.634808
15.032442
15.260295
15.406863
15.877516
16.143307
16.445300
16.630370
17.409244
18.197074
18.482749
18.991526
19.313664
19.561522
21.090509
22.400000
22.400000
