-38.769263
-10.717513
-7.234353
-5.514534
-4.332525
-3.170996
-2.266990
-1.549610
-0.930357
-0.369611
0.089693
0.527505
0.946387
1.319000
1.675115
2.002925
2.315630
2.591292
2.852899
3.106089
3.309714
3.529008
3.748432
3.966777
4.163655
4.331346
4.518181
4.688002
4.844849
4.984893
5.132151
5.269705
5.401251
5.524770
5.641173
5.753311
5.847856
5.942671
6.033861
6.135500
6.237016
6.333469
6.423038
6.515430
6.607320
6.693427
6.774561
6.848861
6.918566
6.983870
7.044273
7.109898
7.173771
7.241038
7.303130
7.364171
7.420263
7.474457
7.534237
7.593544
7.656390
7.707340
7.763726
7.899994
8.084756
8.262986
8.495688
8.755559
8.974915
9.203074
9.398201
9.595295
9.781578
9.950676
10.108201
10.262212
10.383417
10.617402
10.838104
11.039748
11.248624
11.455241
11.645205
11.832005
12.038012
12.237361
12.439490
12.639820
12.830463
13.019676
13.213650
13.392806
13.572283
13.711517
13.801303
13.815140
14.191218
14.648476
15.222740
16.081253
19.356237
