-49.259542
-8.747611
-5.953889
-4.127912
-2.900254
-2.024324
-1.200640
-0.517690
0.056224
0.504386
0.956278
1.356846
1.700507
2.027922
2.347202
2.632509
2.880756
3.116693
3.343580
3.563590
3.787981
3.966611
4.148874
4.314315
4.475958
4.620147
4.765447
4.893406
5.019437
5.133125
5.271004
5.372270
5.479380
5.577568
5.663496
5.751484
5.833268
5.910199
5.987131
6.067194
6.140087
6.209982
6.282084
6.346390
6.415011
6.478015
6.547025
6.601839
6.663349
6.718860
6.775112
6.822150
6.869699
6.921969
6.968327
7.007997
7.051375
7.090720
7.127928
7.163172
7.200331
7.236587
7.271784
7.305194
7.338896
7.372622
7.402226
7.433653
7.460027
7.487296
7.515715
7.543492
7.571439
7.595905
7.621437
7.648579
7.672430
7.695270
7.719472
7.740397
7.761345
7.778225
7.790420
7.796398
7.796398
7.796398
7.984734
8.383999
8.812051
9.182276
9.577811
10.004475
10.409032
10.867073
11.307428
11.801449
12.297984
12.891313
13.654417
14.676355
18.913696
