2.072100
2.072100
2.072100
2.072100
2.072100
2.072100
2.072100
2.072100
2.072100
2.072100
2.072100
2.072100
2.072100
2.072100
2.072100
2.072100
2.072100
2.072100
2.072100
2.072100
2.072100
2.072100
2.072100
2.072100
2.072100
2.072100
2.072100
2.072100
2.072100
2.780441
3.482950
4.070831
4.654013
5.345982
5.917843
6.489996
7.201247
7.823649
8.360479
8.891343
9.420207
9.970987
10.519231
11.131608
11.609800
12.044241
12.609534
13.107308
13.641929
14.088418
14.544891
15.015831
15.537014
16.015564
16.499469
16.909363
17.367294
17.742319
18.141602
18.555260
18.911203
19.300209
19.683526
20.001520
20.362717
20.708273
21.060894
21.400710
21.722038
22.038374
22.328977
22.647561
22.919399
23.230340
23.480304
23.731375
23.931838
24.160647
24.420882
24.683024
24.890214
25.079160
25.299124
25.484855
25.657326
25.829160
26.005728
26.153976
26.281246
26.404081
26.531844
26.639089
26.734908
26.808868
26.881159
26.939874
26.985417
27.025057
27.051464
27.066777
27.072099
