-22.000000
-22.000000
-22.000000
-22.000000
-22.000000
-22.000000
-22.000000
-22.000000
-22.000000
-22.000000
-22.000000
-22.000000
-22.000000
-22.000000
-22.000000
-22.000000
-22.000000
-22.000000
-22.000000
-22.000000
-22.000000
-22.000000
-22.000000
-22.000000
-22.000000
-21.907876
-21.187052
-20.448823
-19.732722
-19.125020
-18.504856
-17.900757
-17.248003
-16.536456
-15.883058
-15.276002
-14.671703
-14.164982
-13.559749
-12.995665
-12.407506
-11.834875
-11.279462
-10.753427
-10.314343
-9.791289
-9.286621
-8.857546
-8.349395
-7.917120
-7.463276
-7.050475
-6.657695
-6.239195
-5.836086
-5.427986
-5.032610
-4.647950
-4.308985
-3.965341
-3.619508
-3.311777
-2.971170
-2.695259
-2.371088
-2.103685
-1.803053
-1.542443
-1.277380
-1.019903
-0.780573
-0.522146
-0.294459
-0.054508
0.186885
0.392064
0.578833
0.770314
0.958171
1.106548
1.266050
1.438293
1.597515
1.744230
1.897176
2.039536
2.156648
2.273707
2.382317
2.476960
2.573532
2.651324
2.718277
2.782974
2.838011
2.886348
2.926616
2.959926
2.984020
2.995516
3.000000
