93.385833
93.549977
93.934906
94.221237
94.454929
94.813130
95.039040
95.161179
95.306684
95.722418
95.949878
96.018153
96.329848
96.616139
96.764382
96.841617
97.253369
97.329266
97.624133
97.660082
98.087261
98.130479
98.222873
98.524069
98.543915
98.620208
98.715005
98.827318
98.858760
98.948073
98.964745
99.011703
99.125957
99.231725
99.512778
99.651617
99.845993
99.864573
100.129470
100.317833
100.530199
100.787042
100.806964
100.872909
101.001353
101.064026
101.143815
101.437971
101.545553
101.636257
101.764157
101.906897
101.989131
102.096298
102.221238
102.325879
102.988308
103.123952
103.234837
103.479531
103.788807
104.003950
104.390495
104.770186
104.912071
105.016475
105.651614
106.268445
106.805832
107.282556
107.584357
107.775841
108.233454
108.441424
108.658309
109.226698
109.375726
109.586372
109.610247
109.763778
109.924447
110.237087
110.614322
111.541998
111.838829
112.440265
112.914209
113.271607
114.236290
115.881259
116.192403
116.353993
117.316556
118.044479
118.513791
120.772982
121.503320
121.731313
123.154477
126.441791
129.978604
